560
12891
54101
2527
5783
8178
3572
2247
9573
2692
4856
6805
1121
2965
3550
6998
147310
73182
6103
34608
26904
9073
71245
7118
115475
28686
10505
24862
13020
337508
6236
66317
29633
5297
32491
11407
2465
3011
29401
47648
11625
17830
8085
8343
441824
5511
13785
4539
8717
5605
3716
13966
1669
20106
13440
1884
3829
81956
29222
3180
872
1030
2069
10121
13859
5207
1905
29061
99696
4918
3989
10269
2140
5309
1644
2307
1669
5140
5293
1867
44967
4193
4641
1713
3854
3859
8359
12432
2213
1717
1563
4061
5781
2470
2760
5400
4460
3812
29505
26249
66446
19068
38327
6471
6625
3810
22367
7838
4284
7499
3898
102515
2464
112506
2170
4407
20482
5328
41008
1899
39074
5009
26817
8957
3180
3985
7726
14052
15685
2539
6053
1831
16231
946
4721
1647151
5316
1763
6103
22796
85636
33499
3656
11710
9939
4692
82664
1891
12688
3472
